% latest interest rates (source: Bank of Canada);
% the first column gives the time (in years) and
% the second column is the corresponding (annualized)
% interest rate;
% for example, the first entry corresponds to 
% rho_{0.25} = 0.0165149 (= 1.65149%)

Rates = [0.25	0.0165149
0.50	0.0164674
0.75	0.0165013
1.00	0.0165353
1.25	0.0158790
1.50	0.0156319
1.75	0.0154045
2.00	0.0151984
2.25	0.0150135
2.50	0.0148490
2.75	0.0147036
3.00	0.0145758
3.25	0.0144641
3.50	0.0143672
3.75	0.0142835
4.00	0.0142119
4.25	0.0141509
4.50	0.0140996
4.75	0.0140568
5.00	0.0140216
5.25	0.0139932
5.50	0.0139709
5.75	0.0139539
6.00	0.0139416
6.25	0.0139336
6.50	0.0139294
6.75	0.0139286
7.00	0.0139309
7.25	0.0139359
7.50	0.0139435
7.75	0.0139533
8.00	0.0139652
8.25	0.0139791
8.50	0.0139947
8.75	0.0140120
9.00	0.0140309
9.25	0.0140512
9.50	0.0140729
9.75	0.0140960
10.00	0.0141202
10.25	0.0141456
10.50	0.0141721
10.75	0.0141996
11.00	0.0142281
11.25	0.0142575
11.50	0.0142877
11.75	0.0143186
12.00	0.0143503
12.25	0.0143826
12.50	0.0144154
12.75	0.0144488
13.00	0.0144825
13.25	0.0145165
13.50	0.0145508
13.75	0.0145853
14.00	0.0146199
14.25	0.0146545
14.50	0.0146890
14.75	0.0147234
15.00	0.0147575
15.25	0.0147913
15.50	0.0148248
15.75	0.0148578
16.00	0.0148903
16.25	0.0149221
16.50	0.0149533
16.75	0.0149837
17.00	0.0150134
17.25	0.0150422
17.50	0.0150700
17.75	0.0150969
18.00	0.0151227
18.25	0.0151475
18.50	0.0151711
18.75	0.0151935
19.00	0.0152148
19.25	0.0152348
19.50	0.0152536
19.75	0.0152711
20.00	0.0152873
20.25	0.0153021
20.50	0.0153156
20.75	0.0153278
21.00	0.0153386
21.25	0.0153481
21.50	0.0153562
21.75	0.0153630
22.00	0.0153684
22.25	0.0153725
22.50	0.0153753
22.75	0.0153768
23.00	0.0153771
23.25	0.0153761
23.50	0.0153739
23.75	0.0153705
24.00	0.0153659
24.25	0.0153603
24.50	0.0153535
24.75	0.0153457
25.00	0.0153369
25.25	0.0153272
25.50	0.0153165
25.75	0.0153050
26.00	0.0152926
26.25	0.0152794
26.50	0.0152655
26.75	0.0152509
27.00	0.0152356
27.25	0.0152198
27.50	0.0152034
27.75	0.0151865
28.00	0.0151692
28.25	0.0151515
28.50	0.0151334
28.75	0.0151150
29.00	0.0150964
29.25	0.0150776
29.50	0.0150586
29.75	0.0150395
30.00	0.0150203];